{
    "000000.png": {
        "K": [
            376.692560849912,
            0.0,
            256.0,
            0.0,
            0.0,
            376.692560849912,
            256.0,
            0.0,
            0.0,
            0.0,
            1.0,
            0.0,
            0.0,
            0.0,
            0.0,
            1.0
        ],
        "P": [
            410.17109296763834,
            14.477983396027803,
            -197.44201146205435,
            385.0918567918377,
            41.31926104507792,
            -362.46262146179924,
            -272.66619172422867,
            410.6369237757546,
            0.14678766847677083,
            0.053476948865416374,
            -0.9877214163534166,
            1.6685167775450358,
            0.0,
            0.0,
            0.0,
            1.0
        ],
        "W2C": [
            0.989118152471399,
            0.0020915849378696167,
            0.14710848284179284,
            -0.11162534817470175,
            0.00993281605185559,
            -0.9985668937094266,
            -0.052588001985117115,
            -0.043811248192793806,
            0.14678766847677083,
            0.053476948865416374,
            -0.9877214163534166,
            1.6685167775450358,
            0.0,
            0.0,
            0.0,
            1.0
        ],
        "calib": [
            1.4554431634280665,
            0.0030776737753172266,
            0.21646355907976675,
            -0.16425171195191973,
            -0.014615694980564822,
            1.4693465639505696,
            0.07738089506935165,
            0.06446629404599445,
            0.15431525914386734,
            0.05621936302977657,
            -1.038373917292962,
            1.5489537275003586,
            0.14678766847677083,
            0.053476948865416374,
            -0.9877214163534166,
            1.6685167775450358
        ],
        "img_size": [
            512,
            512
        ],
        "intrinsic": [
            1.4714553158199688,
            0.0,
            0.0,
            0.0,
            0.0,
            1.4714553158199688,
            0.0,
            0.0,
            0.0,
            0.0,
            -1.0512821733951565,
            -0.20512821674346926,
            0.0,
            0.0,
            -1.0,
            0.0
        ]
    },
    "000001.png": {
        "K": [
            376.692560849912,
            0.0,
            256.0,
            0.0,
            0.0,
            376.692560849912,
            256.0,
            0.0,
            0.0,
            0.0,
            1.0,
            0.0,
            0.0,
            0.0,
            0.0,
            1.0
        ],
        "P": [
            -354.25757088991463,
            -28.41722173410578,
            -284.8285806862725,
            512.4909860132244,
            -223.8886911962429,
            -386.96436500159393,
            86.98114492814653,
            507.21063854574817,
            -0.9550368132225577,
            -0.043060005547978626,
            0.2933436914472676,
            1.9457753474870192,
            0.0,
            0.0,
            0.0,
            1.0
        ],
        "W2C": [
            -0.2913998260472032,
            -0.04617521586988174,
            -0.9554862588331815,
            0.03815444888032706,
            0.05468845188301972,
            -0.9980048523737637,
            0.03155135288796295,
            0.02413679093783305,
            -0.9550368132225577,
            -0.043060005547978626,
            0.2933436914472676,
            1.9457753474870192,
            0.0,
            0.0,
            0.0,
            1.0
        ],
        "calib": [
            -0.42878182306617135,
            -0.06794476685087207,
            -1.4059553347530196,
            0.05614256662713851,
            -0.08047161323723395,
            1.4685195452394977,
            -0.04642640592830481,
            -0.03551620933230969,
            -1.0040131766769946,
            -0.045268216218886465,
            0.30838699349644166,
            1.8404307195014002,
            -0.9550368132225577,
            -0.043060005547978626,
            0.2933436914472676,
            1.9457753474870192
        ],
        "img_size": [
            512,
            512
        ],
        "intrinsic": [
            1.4714553158199688,
            0.0,
            0.0,
            0.0,
            0.0,
            1.4714553158199688,
            0.0,
            0.0,
            0.0,
            0.0,
            -1.0512821733951565,
            -0.20512821674346926,
            0.0,
            0.0,
            -1.0,
            0.0
        ]
    },
    "000002.png": {
        "K": [
            376.692560849912,
            0.0,
            256.0,
            0.0,
            0.0,
            376.692560849912,
            256.0,
            0.0,
            0.0,
            0.0,
            1.0,
            0.0,
            0.0,
            0.0,
            0.0,
            1.0
        ],
        "P": [
            -369.60935823313395,
            73.39774949266696,
            255.8026154588089,
            406.98573096480044,
            9.860943149411403,
            -287.6470071839553,
            352.98051852472304,
            411.683258483013,
            0.0270845057485723,
            0.2862576567391269,
            0.9577697967187,
            1.5589498921232348,
            0.0,
            0.0,
            0.0,
            1.0
        ],
        "W2C": [
            -0.9996029410700171,
            0.0003073842689890826,
            0.028175622780749657,
            0.020957564342232497,
            0.00777108438555876,
            -0.9581526284852196,
            0.28615232093124315,
            0.03342801904835603,
            0.0270845057485723,
            0.2862576567391269,
            0.9577697967187,
            1.5589498921232348,
            0.0,
            0.0,
            0.0,
            1.0
        ],
        "calib": [
            -1.4708710613467517,
            0.00045230221660342077,
            0.0414591699172723,
            0.030838119458017035,
            -0.011434803428815993,
            1.4098787785514522,
            -0.4210603537684995,
            -0.049187836326034656,
            0.028473458068692697,
            0.300937571527714,
            1.0068863135066721,
            1.43376801406199,
            0.0270845057485723,
            0.2862576567391269,
            0.9577697967187,
            1.5589498921232348
        ],
        "img_size": [
            512,
            512
        ],
        "intrinsic": [
            1.4714553158199688,
            0.0,
            0.0,
            0.0,
            0.0,
            1.4714553158199688,
            0.0,
            0.0,
            0.0,
            0.0,
            -1.0512821733951565,
            -0.20512821674346926,
            0.0,
            0.0,
            -1.0,
            0.0
        ]
    },
    "000003.png": {
        "K": [
            376.692560849912,
            0.0,
            256.0,
            0.0,
            0.0,
            376.692560849912,
            256.0,
            0.0,
            0.0,
            0.0,
            1.0,
            0.0,
            0.0,
            0.0,
            0.0,
            1.0
        ],
        "P": [
            225.4068434076503,
            24.9753148420906,
            394.9699659381738,
            450.3951803161519,
            313.45939143942985,
            -330.32361920862616,
            7.924765674864858,
            456.2741970414623,
            0.9840505970213725,
            0.16064658249838557,
            0.07640090335506494,
            1.7889531851186462,
            0.0,
            0.0,
            0.0,
            1.0
        ],
        "W2C": [
            -0.0703759834545383,
            -0.04287371707330035,
            0.9965987484123815,
            -0.02011410859064045,
            0.16337577376920712,
            -0.9860803820763843,
            -0.030884245650572115,
            -0.004507172493877877,
            0.9840505970213725,
            0.16064658249838557,
            0.07640090335506494,
            1.7889531851186462,
            0.0,
            0.0,
            0.0,
            1.0
        ],
        "calib": [
            -0.10355511496023855,
            -0.06308675889646916,
            1.4664505260909264,
            -0.029597012008677988,
            -0.24040015078890042,
            1.4509732200320815,
            0.04544478743762409,
            0.0066321029254341485,
            1.0345148503674297,
            0.1688848883974071,
            0.08031890772846598,
            1.675566375810249,
            0.9840505970213725,
            0.16064658249838557,
            0.07640090335506494,
            1.7889531851186462
        ],
        "img_size": [
            512,
            512
        ],
        "intrinsic": [
            1.4714553158199688,
            0.0,
            0.0,
            0.0,
            0.0,
            1.4714553158199688,
            0.0,
            0.0,
            0.0,
            0.0,
            -1.0512821733951565,
            -0.20512821674346926,
            0.0,
            0.0,
            -1.0,
            0.0
        ]
    },
    "000004.png": {
        "K": [
            376.692560849912,
            0.0,
            256.0,
            0.0,
            0.0,
            376.692560849912,
            256.0,
            0.0,
            0.0,
            0.0,
            1.0,
            0.0,
            0.0,
            0.0,
            0.0,
            1.0
        ],
        "P": [
            115.094278769043,
            -30.472657847475247,
            -439.61120267573847,
            400.9018408955299,
            -151.21608576124186,
            -398.27991774691986,
            -161.05926836484818,
            432.60543070261537,
            -0.6573178809900428,
            -0.09065992043387776,
            -0.7481403492378171,
            1.7352671284971624,
            0.0,
            0.0,
            0.0,
            1.0
        ],
        "W2C": [
            0.7522517982918115,
            -0.01928288204049952,
            -0.6585935031769959,
            -0.11501831600281195,
            0.045281732492204324,
            -0.9956952090309239,
            0.0808740713416192,
            -0.030855279346196647,
            -0.6573178809900428,
            -0.09065992043387776,
            -0.7481403492378171,
            1.7352671284971624,
            0.0,
            0.0,
            0.0,
            1.0
        ],
        "calib": [
            1.106904907431617,
            -0.028373899282822426,
            -0.9690909112142861,
            -0.16924431249899863,
            -0.06663004598519186,
            1.465121008265028,
            -0.11900258218762896,
            0.04540216481507115,
            -0.6910265705387111,
            -0.09530915819355897,
            -0.7865066123513438,
            1.6191271815241999,
            -0.6573178809900428,
            -0.09065992043387776,
            -0.7481403492378171,
            1.7352671284971624
        ],
        "img_size": [
            512,
            512
        ],
        "intrinsic": [
            1.4714553158199688,
            0.0,
            0.0,
            0.0,
            0.0,
            1.4714553158199688,
            0.0,
            0.0,
            0.0,
            0.0,
            -1.0512821733951565,
            -0.20512821674346926,
            0.0,
            0.0,
            -1.0,
            0.0
        ]
    },
    "000005.png": {
        "K": [
            376.692560849912,
            0.0,
            256.0,
            0.0,
            0.0,
            376.692560849912,
            256.0,
            0.0,
            0.0,
            0.0,
            1.0,
            0.0,
            0.0,
            0.0,
            0.0,
            1.0
        ],
        "P": [
            -444.3390859762327,
            -49.241212105775084,
            -87.01359148905871,
            432.7612003111391,
            -128.7773235014539,
            -414.2131548304251,
            138.84217196836423,
            472.1335937635037,
            -0.6945716681333637,
            -0.16758638856053396,
            0.6996320462898152,
            1.79356668838724,
            0.0,
            0.0,
            0.0,
            1.0
        ],
        "W2C": [
            -0.707549781001081,
            -0.016828303218879122,
            -0.7064631027987914,
            -0.0700621001286773,
            0.1301672202659286,
            -0.9857137569193255,
            -0.10688724988617697,
            0.03445919268244371,
            -0.6945716681333637,
            -0.16758638856053396,
            0.6996320462898152,
            1.79356668838724,
            0.0,
            0.0,
            0.0,
            1.0
        ],
        "calib": [
            -1.0411278864612954,
            -0.024762096227649976,
            -1.0395288880439508,
            -0.10309324967185313,
            -0.19153524820580942,
            1.450433747495814,
            0.15727981203839245,
            -0.05070516225144637,
            -0.7301908128539419,
            -0.17618058279736332,
            0.7355106982004577,
            1.680416469553422,
            -0.6945716681333637,
            -0.16758638856053396,
            0.6996320462898152,
            1.79356668838724
        ],
        "img_size": [
            512,
            512
        ],
        "intrinsic": [
            1.4714553158199688,
            0.0,
            0.0,
            0.0,
            0.0,
            1.4714553158199688,
            0.0,
            0.0,
            0.0,
            0.0,
            -1.0512821733951565,
            -0.20512821674346926,
            0.0,
            0.0,
            -1.0,
            0.0
        ]
    },
    "000006.png": {
        "K": [
            376.692560849912,
            0.0,
            256.0,
            0.0,
            0.0,
            376.692560849912,
            256.0,
            0.0,
            0.0,
            0.0,
            1.0,
            0.0,
            0.0,
            0.0,
            0.0,
            1.0
        ],
        "P": [
            1.3716043275645688,
            -40.74771930445065,
            453.6199152073452,
            395.17420459266845,
            139.0935091204767,
            -420.46417448631064,
            106.28339048864541,
            415.92641946839103,
            0.8145941626105809,
            -0.2019290839808248,
            0.5437471795636568,
            1.5819606441178395,
            0.0,
            0.0,
            0.0,
            1.0
        ],
        "W2C": [
            -0.5499564441446084,
            0.02905851437560465,
            0.8346876734959616,
            -0.026036405601878174,
            -0.18434820255317028,
            -0.9789689718193054,
            -0.0873813048109692,
            0.029054182937753362,
            0.8145941626105809,
            -0.2019290839808248,
            0.5437471795636568,
            1.5819606441178395,
            0.0,
            0.0,
            0.0,
            1.0
        ],
        "calib": [
            -0.8092363332060318,
            0.04275830544781444,
            1.2282056142150353,
            -0.038311407427728456,
            0.2712601426087187,
            1.4405090976063262,
            0.12857768546738566,
            -0.04275193193056302,
            0.856368321704259,
            -0.21228444627905457,
            0.5716317167091676,
            1.4579588074303347,
            0.8145941626105809,
            -0.2019290839808248,
            0.5437471795636568,
            1.5819606441178395
        ],
        "img_size": [
            512,
            512
        ],
        "intrinsic": [
            1.4714553158199688,
            0.0,
            0.0,
            0.0,
            0.0,
            1.4714553158199688,
            0.0,
            0.0,
            0.0,
            0.0,
            -1.0512821733951565,
            -0.20512821674346926,
            0.0,
            0.0,
            -1.0,
            0.0
        ]
    },
    "000007.png": {
        "K": [
            376.692560849912,
            0.0,
            256.0,
            0.0,
            0.0,
            376.692560849912,
            256.0,
            0.0,
            0.0,
            0.0,
            1.0,
            0.0,
            0.0,
            0.0,
            0.0,
            1.0
        ],
        "P": [
            450.66267477958417,
            15.798434941886974,
            63.92846325043621,
            385.1341278673538,
            184.9454948485134,
            -371.98476890462837,
            -186.69703007245027,
            402.6983503282555,
            0.6724074648224758,
            0.017500000833998237,
            -0.7399742909195028,
            1.6722406802096472,
            0.0,
            0.0,
            0.0,
            1.0
        ],
        "W2C": [
            0.7393996928333432,
            0.030046876165662054,
            0.6725959258504643,
            -0.11404389343232216,
            0.03400434514835883,
            -0.9993952847614879,
            0.007264248587146151,
            -0.06741641976713356,
            0.6724074648224758,
            0.017500000833998237,
            -0.7399742909195028,
            1.6722406802096472,
            0.0,
            0.0,
            0.0,
            1.0
        ],
        "calib": [
            1.0879936085352748,
            0.04421263565774775,
            0.9896948504915193,
            -0.16781049322779645,
            -0.050035874429529566,
            1.4705655043677028,
            -0.010689017198993902,
            0.09920024923989909,
            0.7068899810256997,
            0.018397438911182718,
            -0.7779217808143948,
            1.5528685999871237,
            0.6724074648224758,
            0.017500000833998237,
            -0.7399742909195028,
            1.6722406802096472
        ],
        "img_size": [
            512,
            512
        ],
        "intrinsic": [
            1.4714553158199688,
            0.0,
            0.0,
            0.0,
            0.0,
            1.4714553158199688,
            0.0,
            0.0,
            0.0,
            0.0,
            -1.0512821733951565,
            -0.20512821674346926,
            0.0,
            0.0,
            -1.0,
            0.0
        ]
    },
    "000008.png": {
        "K": [
            376.692560849912,
            0.0,
            256.0,
            0.0,
            0.0,
            376.692560849912,
            256.0,
            0.0,
            0.0,
            0.0,
            1.0,
            0.0,
            0.0,
            0.0,
            0.0,
            1.0
        ],
        "P": [
            287.79577336440286,
            -33.72433047805311,
            -351.38233843928043,
            345.3654997968064,
            -67.00357718296073,
            -402.2741980260903,
            -202.77888363145107,
            357.0958332971203,
            -0.2857122330594732,
            -0.10885050302464526,
            -0.9521134847650521,
            1.4848081351173315,
            0.0,
            0.0,
            0.0,
            1.0
        ],
        "W2C": [
            0.9581768862471347,
            -0.015552740650161679,
            -0.2857536822510155,
            -0.0922380381360234,
            0.01629645795609517,
            -0.9939364568469911,
            0.10874164431594148,
            -0.06109770057839452,
            -0.2857122330594732,
            -0.10885050302464526,
            -0.9521134847650521,
            1.4848081351173315,
            0.0,
            0.0,
            0.0,
            1.0
        ],
        "calib": [
            1.409914472764172,
            -0.02288516290524972,
            -0.42047377476338704,
            -0.13572415153605663,
            -0.02397950968853286,
            1.46253308301477,
            -0.1600084705796964,
            0.0899025363004554,
            -0.30036417733634646,
            -0.11443259339490512,
            -1.00093993358264,
            1.3558241066174883,
            -0.2857122330594732,
            -0.10885050302464526,
            -0.9521134847650521,
            1.4848081351173315
        ],
        "img_size": [
            512,
            512
        ],
        "intrinsic": [
            1.4714553158199688,
            0.0,
            0.0,
            0.0,
            0.0,
            1.4714553158199688,
            0.0,
            0.0,
            0.0,
            0.0,
            -1.0512821733951565,
            -0.20512821674346926,
            0.0,
            0.0,
            -1.0,
            0.0
        ]
    },
    "000009.png": {
        "K": [
            376.692560849912,
            0.0,
            256.0,
            0.0,
            0.0,
            376.692560849912,
            256.0,
            0.0,
            0.0,
            0.0,
            1.0,
            0.0,
            0.0,
            0.0,
            0.0,
            1.0
        ],
        "P": [
            -416.9912762192997,
            -35.61992201848501,
            -179.67409972520088,
            337.2287407256305,
            -176.59492198439028,
            -400.90967942737404,
            124.57506921704669,
            390.0617296800939,
            -0.8368286064818051,
            -0.1028515981478373,
            0.5377168698601115,
            1.4783915764863027,
            0.0,
            0.0,
            0.0,
            1.0
        ],
        "W2C": [
            -0.5382722517866388,
            -0.024661790165641476,
            -0.8424101014721792,
            -0.1094778796847393,
            0.09990428584531101,
            -0.9943909416644249,
            -0.03472446983723042,
            0.030777050848688373,
            -0.8368286064818051,
            -0.1028515981478373,
            0.5377168698601115,
            1.4783915764863027,
            0.0,
            0.0,
            0.0,
            1.0
        ],
        "calib": [
            -0.7920435662498344,
            -0.036288722236869776,
            -1.2395688219116774,
            -0.16109180802680861,
            -0.14700469248028056,
            1.4632018371153426,
            0.05109550573102287,
            -0.04528705507656399,
            -0.8797429961814323,
            -0.10812605163802365,
            0.5652921596177785,
            1.3490784929141428,
            -0.8368286064818051,
            -0.1028515981478373,
            0.5377168698601115,
            1.4783915764863027
        ],
        "img_size": [
            512,
            512
        ],
        "intrinsic": [
            1.4714553158199688,
            0.0,
            0.0,
            0.0,
            0.0,
            1.4714553158199688,
            0.0,
            0.0,
            0.0,
            0.0,
            -1.0512821733951565,
            -0.20512821674346926,
            0.0,
            0.0,
            -1.0,
            0.0
        ]
    },
    "000010.png": {
        "K": [
            376.692560849912,
            0.0,
            256.0,
            0.0,
            0.0,
            376.692560849912,
            256.0,
            0.0,
            0.0,
            0.0,
            1.0,
            0.0,
            0.0,
            0.0,
            0.0,
            1.0
        ],
        "P": [
            -233.36163376320889,
            -44.17817304533031,
            388.6179644759202,
            551.9270411812765,
            80.77629210520195,
            -414.7405721600389,
            169.9962759526319,
            489.2816030250651,
            0.4198408784712549,
            -0.17006115467827704,
            0.891522764955543,
            1.922998866247534,
            0.0,
            0.0,
            0.0,
            1.0
        ],
        "W2C": [
            -0.9048251387891185,
            -0.0017056812755784556,
            0.4257799418322084,
            0.15832362414417392,
            -0.07088797485989841,
            -0.9854320343488319,
            -0.15459172260954065,
            -0.007980265730549647,
            0.4198408784712549,
            -0.17006115467827704,
            0.891522764955543,
            1.922998866247534,
            0.0,
            0.0,
            0.0,
            1.0
        ],
        "calib": [
            -1.3314097603587896,
            -0.0025098337800445038,
            0.6265161587785202,
            0.23296613836682747,
            0.10430848743530982,
            1.4500192053218748,
            0.22747481201557465,
            0.011742604430873205,
            0.44137123119939264,
            -0.17878226030026897,
            0.9372419899737224,
            1.81648621080166,
            0.4198408784712549,
            -0.17006115467827704,
            0.891522764955543,
            1.922998866247534
        ],
        "img_size": [
            512,
            512
        ],
        "intrinsic": [
            1.4714553158199688,
            0.0,
            0.0,
            0.0,
            0.0,
            1.4714553158199688,
            0.0,
            0.0,
            0.0,
            0.0,
            -1.0512821733951565,
            -0.20512821674346926,
            0.0,
            0.0,
            -1.0,
            0.0
        ]
    },
    "000011.png": {
        "K": [
            376.692560849912,
            0.0,
            256.0,
            0.0,
            0.0,
            376.692560849912,
            256.0,
            0.0,
            0.0,
            0.0,
            1.0,
            0.0,
            0.0,
            0.0,
            0.0,
            1.0
        ],
        "P": [
            412.99923730456925,
            -1.7626437198707716,
            191.99429281263951,
            434.28924133167993,
            209.7899047723966,
            -387.9944421754376,
            -113.49799159555405,
            390.4069763058954,
            0.8577038075610628,
            -0.04624976616011226,
            -0.512059701231595,
            1.552487798957229,
            0.0,
            0.0,
            0.0,
            1.0
        ],
        "W2C": [
            0.5134878749198488,
            0.02675204520731995,
            0.8576797364911469,
            0.09783141115258873,
            -0.025968842976787875,
            -0.9985716234739301,
            0.04669402517545999,
            -0.018662168988137242,
            0.8577038075610628,
            -0.04624976616011226,
            -0.512059701231595,
            1.552487798957229,
            0.0,
            0.0,
            0.0,
            1.0
        ],
        "calib": [
            0.7555744631599108,
            0.03936443912936706,
            1.2620374075309682,
            0.14395454999464566,
            0.03821199204388858,
            1.469353523587691,
            -0.06870817156146206,
            0.027460547762325115,
            0.9016887229420951,
            -0.04862155468782058,
            -0.5383192356188258,
            1.4269745307137494,
            0.8577038075610628,
            -0.04624976616011226,
            -0.512059701231595,
            1.552487798957229
        ],
        "img_size": [
            512,
            512
        ],
        "intrinsic": [
            1.4714553158199688,
            0.0,
            0.0,
            0.0,
            0.0,
            1.4714553158199688,
            0.0,
            0.0,
            0.0,
            0.0,
            -1.0512821733951565,
            -0.20512821674346926,
            0.0,
            0.0,
            -1.0,
            0.0
        ]
    },
    "000012.png": {
        "K": [
            376.692560849912,
            0.0,
            256.0,
            0.0,
            0.0,
            376.692560849912,
            256.0,
            0.0,
            0.0,
            0.0,
            1.0,
            0.0,
            0.0,
            0.0,
            0.0,
            1.0
        ],
        "P": [
            -101.72250413862466,
            -10.058402049922456,
            -443.8295236908359,
            465.480929185717,
            -218.34243850236686,
            -389.713928399684,
            -88.78580381902731,
            473.61089027082346,
            -0.9305447272222109,
            -0.052996476831997555,
            -0.36232290030073566,
            1.8406546752001471,
            0.0,
            0.0,
            0.0,
            1.0
        ],
        "W2C": [
            0.36235636223420586,
            0.009314481844696982,
            -0.9319930832234529,
            -0.01520249736973797,
            0.052767199919402846,
            -0.9985512575082766,
            0.010536068588682217,
            0.006379986411633388,
            -0.9305447272222109,
            -0.052996476831997555,
            -0.36232290030073566,
            1.8406546752001471,
            0.0,
            0.0,
            0.0,
            1.0
        ],
        "calib": [
            0.5331911954307084,
            0.013705843824487963,
            -1.3713861766165922,
            -0.02236979556844003,
            -0.07764457682234034,
            1.4693235559792681,
            -0.015503354132660244,
            -0.009387864920257116,
            -0.9782650832755689,
            -0.05571425134622845,
            -0.380903606098994,
            1.7299192306708973,
            -0.9305447272222109,
            -0.052996476831997555,
            -0.36232290030073566,
            1.8406546752001471
        ],
        "img_size": [
            512,
            512
        ],
        "intrinsic": [
            1.4714553158199688,
            0.0,
            0.0,
            0.0,
            0.0,
            1.4714553158199688,
            0.0,
            0.0,
            0.0,
            0.0,
            -1.0512821733951565,
            -0.20512821674346926,
            0.0,
            0.0,
            -1.0,
            0.0
        ]
    },
    "000013.png": {
        "K": [
            376.692560849912,
            0.0,
            256.0,
            0.0,
            0.0,
            376.692560849912,
            256.0,
            0.0,
            0.0,
            0.0,
            1.0,
            0.0,
            0.0,
            0.0,
            0.0,
            1.0
        ],
        "P": [
            -437.81812494754206,
            -13.286133705629666,
            124.78803435521888,
            441.09859241203856,
            -71.21216781782157,
            -383.91760697985325,
            234.45550453170006,
            458.06689338086835,
            -0.31328960133582784,
            -0.029020534930683614,
            0.9492141140159975,
            1.6796786403400328,
            0.0,
            0.0,
            0.0,
            1.0
        ],
        "W2C": [
            -0.9493577101674097,
            -0.01554816147725374,
            -0.31381235288045933,
            0.029469285137842593,
            0.023865536669656445,
            -0.999457884668991,
            -0.022679791278913213,
            0.07451477510065221,
            -0.31328960133582784,
            -0.029020534930683614,
            0.9492141140159975,
            1.6796786403400328,
            0.0,
            0.0,
            0.0,
            1.0
        ],
        "calib": [
            -1.3969374492405082,
            -0.022878424856932273,
            -0.46176085481592377,
            0.043362736269492885,
            -0.03511707079746237,
            1.4706576173343682,
            0.03337229943904422,
            -0.10964516192898414,
            -0.3293557729944312,
            -0.030508771035019127,
            0.9978918768000957,
            1.5606879948786219,
            -0.31328960133582784,
            -0.029020534930683614,
            0.9492141140159975,
            1.6796786403400328
        ],
        "img_size": [
            512,
            512
        ],
        "intrinsic": [
            1.4714553158199688,
            0.0,
            0.0,
            0.0,
            0.0,
            1.4714553158199688,
            0.0,
            0.0,
            0.0,
            0.0,
            -1.0512821733951565,
            -0.20512821674346926,
            0.0,
            0.0,
            -1.0,
            0.0
        ]
    },
    "000014.png": {
        "K": [
            376.692560849912,
            0.0,
            256.0,
            0.0,
            0.0,
            376.692560849912,
            256.0,
            0.0,
            0.0,
            0.0,
            1.0,
            0.0,
            0.0,
            0.0,
            0.0,
            1.0
        ],
        "P": [
            72.33715284187235,
            -65.94470973154058,
            444.805482179367,
            424.04236117344476,
            141.4187495146037,
            -428.6475960038855,
            60.788659513763086,
            422.01154072533285,
            0.8842665971329997,
            -0.2495118586539919,
            0.3947358833268845,
            1.6544685890764965,
            0.0,
            0.0,
            0.0,
            1.0
        ],
        "W2C": [
            -0.4089146217186613,
            -0.005494331800577538,
            0.9125561048301356,
            0.001323101174966545,
            -0.22552475992562218,
            -0.9683561559204834,
            -0.10688750138063349,
            -0.004068086916271308,
            0.8842665971329997,
            -0.2495118586539919,
            0.3947358833268845,
            1.6544685890764965,
            0.0,
            0.0,
            0.0,
            1.0
        ],
        "calib": [
            -0.6016995938444358,
            -0.008084663734838519,
            1.3427855314362678,
            0.0019468842572721694,
            0.33184960684157905,
            1.4248928132361858,
            0.15728018210124742,
            0.005986008118165081,
            0.9296137100947192,
            -0.26230736905363367,
            0.414978797340944,
            1.534185117394888,
            0.8842665971329997,
            -0.2495118586539919,
            0.3947358833268845,
            1.6544685890764965
        ],
        "img_size": [
            512,
            512
        ],
        "intrinsic": [
            1.4714553158199688,
            0.0,
            0.0,
            0.0,
            0.0,
            1.4714553158199688,
            0.0,
            0.0,
            0.0,
            0.0,
            -1.0512821733951565,
            -0.20512821674346926,
            0.0,
            0.0,
            -1.0,
            0.0
        ]
    },
    "000015.png": {
        "K": [
            376.692560849912,
            0.0,
            256.0,
            0.0,
            0.0,
            376.692560849912,
            256.0,
            0.0,
            0.0,
            0.0,
            1.0,
            0.0,
            0.0,
            0.0,
            0.0,
            1.0
        ],
        "P": [
            416.9033905631966,
            -58.704976815101645,
            -173.7198147411913,
            496.33800607209866,
            27.105993583703203,
            -421.79739179607554,
            -169.66293285668752,
            476.5023365459595,
            0.18445993308912498,
            -0.20875756224337183,
            -0.9604138760404081,
            1.7339741879502215,
            0.0,
            0.0,
            0.0,
            1.0
        ],
        "W2C": [
            0.9813882356962053,
            -0.013971714410615718,
            0.19152525168634482,
            0.1392132986075512,
            -0.05340097304211865,
            -0.977867614456391,
            0.20229499419294084,
            0.08655584903810665,
            0.18445993308912498,
            -0.20875756224337183,
            -0.9604138760404081,
            1.7339741879502215,
            0.0,
            0.0,
            0.0,
            1.0
        ],
        "calib": [
            1.4440689362983616,
            -0.02055875344061896,
            0.28182084970762955,
            0.20484614826891387,
            0.07857714565278434,
            1.4388884994600484,
            -0.2976680445689725,
            -0.12736306418243276,
            0.19391943936226044,
            -0.2194631037478866,
            -1.0096659869626265,
            1.6177679361759414,
            0.18445993308912498,
            -0.20875756224337183,
            -0.9604138760404081,
            1.7339741879502215
        ],
        "img_size": [
            512,
            512
        ],
        "intrinsic": [
            1.4714553158199688,
            0.0,
            0.0,
            0.0,
            0.0,
            1.4714553158199688,
            0.0,
            0.0,
            0.0,
            0.0,
            -1.0512821733951565,
            -0.20512821674346926,
            0.0,
            0.0,
            -1.0,
            0.0
        ]
    },
    "000016.png": {
        "K": [
            376.692560849912,
            0.0,
            256.0,
            0.0,
            0.0,
            376.692560849912,
            256.0,
            0.0,
            0.0,
            0.0,
            1.0,
            0.0,
            0.0,
            0.0,
            0.0,
            1.0
        ],
        "P": [
            366.8881071234631,
            -6.984343554077052,
            -269.77327739445496,
            439.8780782881106,
            -9.649349931614628,
            -383.0898316922753,
            -246.13483357612367,
            439.07138809100485,
            -0.03727594237491928,
            -0.025467733152531764,
            -0.9989804295821482,
            1.7709310509988254,
            0.0,
            0.0,
            0.0,
            1.0
        ],
        "W2C": [
            0.9993049704037722,
            -0.001233376804629903,
            -0.037256608916725546,
            -0.03578586934972607,
            -0.00028327791606643605,
            -0.9996748838246009,
            0.025496007606937866,
            -0.03792737752096702,
            -0.03727594237491928,
            -0.025467733152531764,
            -0.9989804295821482,
            1.7709310509988254,
            0.0,
            0.0,
            0.0,
            1.0
        ],
        "calib": [
            1.4704326108259471,
            -0.001814858855581718,
            -0.05482143523994146,
            -0.05265730768589332,
            0.0004168307954503603,
            1.4709769218954187,
            -0.03751623592541509,
            0.055808441268337707,
            -0.03918753371525775,
            -0.026773773860041473,
            -1.0502103171903479,
            1.6566200274835445,
            -0.03727594237491928,
            -0.025467733152531764,
            -0.9989804295821482,
            1.7709310509988254
        ],
        "img_size": [
            512,
            512
        ],
        "intrinsic": [
            1.4714553158199688,
            0.0,
            0.0,
            0.0,
            0.0,
            1.4714553158199688,
            0.0,
            0.0,
            0.0,
            0.0,
            -1.0512821733951565,
            -0.20512821674346926,
            0.0,
            0.0,
            -1.0,
            0.0
        ]
    },
    "000017.png": {
        "K": [
            376.692560849912,
            0.0,
            256.0,
            0.0,
            0.0,
            376.692560849912,
            256.0,
            0.0,
            0.0,
            0.0,
            1.0,
            0.0,
            0.0,
            0.0,
            0.0,
            1.0
        ],
        "P": [
            -448.87503687842343,
            -28.247765514294333,
            71.7394620171363,
            513.4742838559316,
            -90.72269527232825,
            -405.64964484381443,
            186.14790785898225,
